; Dialog ini file

[DIALOG]
mainfont	= DIALOG2
subfont		= DIALOG3
mainFontScale	= 1.0
subFontScale	= 1.0
mainFontColor	= 4294967168
;4292010979
subFontColor	= 4286611584
subFontColorSelect	= 4294967295
maxtextlines	= 5
maxlinkslines	= 5
charnamefont	= DIALOG2
charnamescale	= 1.4
charnameoffset	= 6,-26
charnamecolor = 4294967168
leftIndent	= 45
rightIndent	= 40
nodes_y		= 32
nodes_n		= 0
fon_Border	= 10
fon_A		= 128
fon_R		= 11
fon_G		= 8
fon_B		= 55

[BACKPARAM]
textureWidth	= 1024
textureHeight	= 256

uvLeftTop	= 0.291015625,0.21875,0.298828125,0.28125
uvRightTop	= 0.990234375,0.21875,0.998046875,0.28125
uvLeftBottom	= 0.291015625,0.921875,0.298828125,0.984375
uvRightBottom	= 0.990234375,0.921875,0.998046875,0.984375
uvLeft		= 0.291015625,0.28125,0.298828125,0.921875
uvRight		= 0.990234375,0.28125,0.998046875,0.921875
uvTop		= 0.298828125,0.21875,0.990234375,0.28125
uvBottom	= 0.298828125,0.921875,0.990234375,0.984375
uvCenter	= 0.298828125,0.28125,0.990234375,0.921875
uvDivider	= 0.3515625,0.140625,0.9375,0.2109375

uvChrNameLeft	= 0.1826,0.2266,0.1953,0.3828
uvChrNameRight	= 0.6025,0.2266,0.6152,0.3828
uvChrNameCenter	= 0.1953,0.2266,0.6025,0.3828

chrNameOffset	= 0.0,-32.0
ChrNameHeight	= 30
ChrNameLeftWidth	= 4
ChrNameCenterWidth	= 242
ChrNameRightWidth	= 4

backBorderOffset = 6,6,6,6
backPosition	= 40,40,600,440

[ANIMATION]
talk = dialog_all
yes  = yes4
no   = no4
idle = dialog_idle

